0.00175714
0.00211772
0.00164384
0.00131761
0.00293968
0.00178001
0.00243704
0.00314732
0.00271425
0.0025963
0.00323235
0.00304091
0.00246229
0.00274473
0.00221099
0.00297446
0.00205151
0.00295842
0.00198984
0.00356857
0.00224896
0.00188009
0.00254765
0.00211939
0.0016195
0.00277213
0.00251309
0.00293552
0.00246624
0.00271225
0.00314033
0.00166388
0.00269043
0.00365598
0.00168455
0.00298393
0.00338818
0.0028295
0.00230203
0.00362076
0.00336804
0.00171728
0.00298466
0.00196741
0.00230591
0.00290972
0.00277878
0.00296262
0.00392114
0.00222216
0.00164268
0.00264492
0.00195584
0.00205371
0.00350188
0.00309876
0.0022488
0.00226443
0.00292958
0.00189309
0.00161715
0.00192255
0.00152052
0.00270655
0.00212088
0.00175268
0.0038897
0.0027381
0.00162267
0.00425522
0.00234495
0.00145766
0.00161503
0.00349051
0.00229942
0.00237109
0.00278353
0.00229249
0.00211445
0.00146982
0.00183933
0.0029288
0.00126134
0.00161395
0.00290409
0.0020867
0.00219818
0.00250882
0.00113264
0.00249917
0.00219472
0.00349446
0.00282204
0.00241422
0.000884127
0.00282669
0.00240243
0.00316479
0.00271909
0.00140766
0.00219916
0.00155884
0.00318671
0.00176728
0.0024818
0.00392636
0.00330763
0.00127112
0.00251384
0.00249536
0.00293259
0.00299759
0.00274356
0.00215661
0.00236561
0.00296511
0.0030126
0.00230619
0.00207852
0.00264813
0.00113775
0.00192505
0.00274827
0.00343443
0.00268192
0.00205774
0.00318026
0.0032899
0.00345577
0.00206843
0.00194291
0.00111215
0.00129974
0.00183169
0.00255243
0.00154166
0.00276285
0.00219061
0.00295193
0.00108641
0.0018686
0.00171565
0.00134905
0.00150052
0.00271448
0.00356323
0.00179971
0.00243023
0.00246667
0.00235282
0.0027076
0.00240229
0.00270307
0.00313706
0.00186206
0.00400621
0.00199372
0.00350398
0.00300007
0.00189181
0.00266759
0.00250694
0.00293583
0.00220725
0.00239887
0.00212715
0.00311539
0.00309445
0.00205618
0.00282966
0.00370691
0.00401281
0.00245988
0.00332509
0.00239292
0.0028054
0.00246181
0.00353002
0.00259215
0.00265093
0.00270764
0.00216462
0.00233872
0.00229558
0.00259058
0.00164391
0.00262392
0.00238831
0.00272451
0.00271059
0.00362034
0.00240748
0.00163115
0.00255139
0.00215969
0.00241027
0.00248234
0.00341199
0.00314806
0.00238015
0.00259577
0.00184156
0.00288103
0.00175002
0.00236786
0.00164355
0.00320102
0.00174929
0.0034074
0.00378815
0.00234019
0.00201539
0.00149701
0.00144374
0.00325977
0.00209948
0.00191345
0.00194973
0.00252203
0.0028892
0.00304443
0.00205117
0.0023974
0.00253731
0.00305747
0.00279581
0.00230408
0.00174011
0.00298589
0.00288473
0.00282473
0.00261774
0.00314788
0.00367502
0.00211329
0.00203127
0.00219533
0.00295662
0.00193918
0.00195855
0.00279754
0.00221359
0.00279011
0.00210062
0.00261891
0.00240996
0.00202604
0.0022486
0.00229876
0.00227263
0.00237175
0.00364476
0.00288059
0.00392252
0.00301782
0.00294581
0.00216191
0.00281724
0.00127333
0.00331733
0.00325684
0.00306592
0.00377415
0.00159174
0.00186948
0.00126139
0.00180074
0.0028849
0.00239854
0.00189861
0.00154097
0.00292455
0.00214994
0.00195628
0.00322487
0.00181958
0.00431657
0.00174903
0.00277123
0.00253869
0.00416833
0.00327911
0.0024118
0.00189409
0.00179047
0.00244465
0.00311472
0.00186722
0.00232132
0.00214384
0.00286934
0.00258734
0.00245265
0.00323645
0.00318063
0.00151549
0.00288687
0.00200838
0.00252186
0.00231605
0.00260028
0.0019662
0.00247268
0.00235579
0.00339345
0.00254036
0.00259841
0.00261757
0.00248258
0.00325652
0.00346357
0.00250635
0.00250535
0.0021891
0.00232231
0.00272754
0.00215766
0.00242039
0.00330018
0.00274173
0.00332731
0.00259371
0.00211837
0.00213566
0.00285676
0.00313036
0.00280318
0.00324928
0.00224631
0.00188204
0.00207876
0.00299764
0.00203344
0.00133474
0.00306894
0.00219915
0.00275893
0.00405634
0.00242715
0.00192373
0.00282839
0.00290227
0.00253547
0.00324866
0.00292424
0.00249234
0.00180158
0.00240138
0.00280211
0.00174142
0.00227129
0.00231761
0.00274198
0.00328159
0.00240362
0.00336264
0.00187419
0.00405231
0.000982586
0.00265407
0.00172146
0.00254886
0.00398774
0.003258
0.00281337
0.00339924
0.00338187
0.00225409
0.00272037
0.00284331
0.00359769
0.00210868
0.00240672
0.00356234
0.00231771
0.00384505
0.00301747
0.00200322
0.00231579
0.00254772
0.00189391
0.00279228
0.00177414
0.00301902
0.00163939
0.00244568
0.00148872
0.00224926
0.00168674
0.00373882
0.00296359
0.00210109
0.00284885
0.00326102
0.00272495
0.00287877
0.00208936
0.00229019
0.00095493
0.00199089
0.00248465
0.00288933
0.00155782
0.00270685
0.00303906
0.00184488
0.00217249
0.00165988
0.00159048
0.00252568
0.00261134
0.00286405
0.00347866
0.00159572
0.0018439
0.0014635
0.000822812
0.00346113
0.00258849
0.00303936
0.0022136
0.00251327
0.00299617
0.00252229
0.00282932
0.00142899
0.00118419
0.00251843
0.00177989
0.00177046
0.00235696
0.00240464
0.00345892
0.00293559
0.00125815
0.00221814
0.00264327
0.00232056
0.00249232
0.00216181
0.0034415
0.00221083
0.00156809
0.00299155
0.00190038
0.00203039
0.00361989
0.00291612
0.0020114
0.00173511
0.00259838
0.00154171
0.00243821
0.00307733
0.0031573
0.00134641
0.00229693
0.0026043
0.00451812
0.00175642
0.00370041
0.00225739
0.003182
0.00125081
0.00203319
0.00162736
0.00290809
0.00215597
0.00208084
0.00292765
0.00241392
0.00246787
0.00251047
0.00161732
0.00248405
0.0035457
0.00205717
0.00198176
0.00202356
0.00141047
0.00189055
0.00226357
0.00193151
0.00170281
0.00341024
0.0019024
0.00108701
0.00319686
0.00215641
0.00224586
0.00195732
0.00276036
0.00272519
0.00234684
0.00228118
0.00381887
0.00307633
0.002133
0.00218114
0.00342369
0.00200494
0.00239435
0.0011217
0.00306035
0.00306458
0.00296813
0.0014597
0.00378589
0.00227096
0.00266152
0.00333857
0.00187281
0.0024526
0.00304714
0.00200094
0.00212429
0.00225679
0.00152254
0.00192576
0.00211169
0.00237046
0.00244494
0.00267675
0.00214538
0.00284044
0.00232584
0.0029608
0.00260158
0.00268948
0.00288382
0.00177877
0.0023283
0.00273292
0.00189437
0.00348466
0.00175558
0.0027091
0.00351222
0.00185484
0.00289559
0.00270034
0.00181017
0.0026619
0.00197838
0.00294248
0.00232702
0.00189221
0.00367361
0.00250656
0.00259162
0.00260789
0.00133774
0.00146868
0.00269786
0.00385247
0.00302282
0.00258839
0.00331149
0.00280009
0.000897128
0.00146037
0.00218018
0.00253248
0.00187737
0.00221302
0.00132812
0.00200365
0.00322992
0.00314491
0.00244222
0.00242268
0.00226877
0.0026545
0.00212562
0.00204024
0.00209604
0.00189681
0.00281969
0.00211255
0.00210295
0.00157584
0.00341661
0.00249271
0.00310449
0.00235225
0.003185
0.00260229
0.0037642
0.00251323
0.00180723
0.00403686
0.00124315
0.00205211
0.00175649
0.00197067
0.00364224
0.00265937
0.00266406
0.00173047
0.00166368
0.000613462
0.00296459
0.00307675
0.00255217
0.00212155
0.00200376
0.00166406
0.00245028
0.0030163
0.00237671
0.0029543
0.00335426
0.00315526
0.00347832
0.00180579
0.00304
0.00255817
0.00250598
0.00193518
0.00340739
0.0029023
0.00147903
0.00243258
0.00257526
0.00306321
0.00212775
0.00211874
0.00225374
0.000849866
0.0035285
0.00241122
0.00226187
0.00272747
0.00298937
0.00274634
0.00265043
0.00229048
0.00287547
0.00277468
0.00209416
0.00256556
0.0021627
0.00251421
0.0033238
0.00163986
0.00184993
0.00204473
0.00406219
0.00198032
0.00299275
0.00280706
0.00255211
0.0034528
0.00213823
0.0030343
0.00239482
0.00259124
0.00302291
0.00178108
0.00322659
0.00303387
0.00233284
0.002483
0.00291699
0.00196658
0.00197382
0.00241039
0.00251621
0.00342631
0.00210046
0.00226873
0.0012161
0.00251634
0.00302266
0.00263827
0.00281799
0.0027109
0.00184663
0.00232924
0.00237357
0.0024116
0.0026707
0.00289666
0.00264595
0.00304489
0.00353308
0.00297494
0.00189577
0.00151018
0.00198553
0.00228277
0.00382172
0.0013822
0.00296234
0.00252685
0.00290364
0.00281294
0.0030126
0.00245501
0.0022484
0.00331671
0.00162106
0.00276021
0.00272366
0.00324252
0.00229928
0.00182255
0.00276739
0.00384394
0.0032522
0.00210059
0.00287414
0.00261472
0.00312109
0.00284603
0.00257571
0.00243611
0.00200314
0.00311796
0.00219592
0.00260218
0.00178885
0.00256945
0.00313257
0.00310941
0.00253453
0.00308688
0.00221165
0.00268743
0.00375468
0.0031041
0.00219774
0.00243387
0.00293198
0.00204265
0.00366677
0.0026208
0.00253333
0.00194641
0.00144809
0.00205422
0.000984791
0.0020405
0.00282337
0.00186553
0.00259413
0.00296183
0.00291392
0.0028375
0.00258619
0.00343695
0.00303829
0.00179389
0.00272921
0.00239947
0.00221924
0.00234684
0.00271327
0.00211996
0.00306721
0.00269947
0.00178645
0.00302549
0.0014246
0.00175504
0.0031544
0.0026688
0.0032976
0.00236031
0.00200053
0.0017499
0.00222635
0.00195982
0.00110512
0.00280541
0.00290971
0.00294454
0.00281583
0.0028349
0.00260941
0.00196225
0.00266675
0.00350182
0.00167081
0.0030202
0.00311538
0.00278244
0.00299501
0.00207494
0.0013836
0.00245588
0.00389025
0.00233365
0.0024648
0.00323496
0.00343103
0.00246848
0.00224171
0.00265156
0.00268576
0.00236079
0.00214423
0.0026443
0.00173095
0.00243989
0.00209695
0.002774
0.00172762
0.00297891
0.00241708
0.00139271
0.00387258
0.00264054
0.0023859
0.00284962
0.00166455
0.00289315
0.00311087
0.00188712
0.00312863
0.00196818
0.0023777
0.00299206
0.00242852
0.00353188
0.00246756
0.0026025
0.00203921
0.00271765
0.00295373
0.00160369
0.00298308
0.00295644
0.00271469
0.00168734
0.00268891
0.00323332
0.00367935
0.000711845
0.00290819
0.00205801
0.00237163
0.00220493
0.00234073
0.00188159
0.00287969
0.00349778
0.00259276
0.00290636
0.00274144
0.00277102
0.00322969
0.00336584
0.00304057
0.0029527
0.00249927
0.00244383
0.00265511
0.00135899
0.00203742
0.00184782
0.00203094
0.00194269
0.00247612
0.0023908
0.00351544
0.00156172
0.00283463
0.0022612
0.00263091
0.00161939
0.00216959
0.00292422
0.00276664
0.00211091
0.00256741
0.0032651
0.00217911
0.0021274
0.00236094
0.00168576
0.00326535
0.0024991
0.0019416
0.00197988
0.00264225
0.0019829
0.00291279
0.00361785
0.00296642
0.00239498
0.003328
0.00181563
0.00250548
0.00386212
0.00213942
0.00326283
0.00279756
0.00289024
0.00164494
0.00381711
0.00267936
0.00215073
0.00233404
0.00322838
0.00250583
0.0023358
0.00214877
0.00201576
0.00252899
0.00219874
0.00166257
0.00216864
0.00282686
0.00143693
0.00184905
0.00108259
0.00219142
0.00223618
0.00227532
0.00247679
0.00305544
0.00409163
0.00190024
0.00116957
0.00299635
0.00306098
0.00294223
0.00271764
0.00325502
0.00171224
0.00241199
0.00313916
0.00302665
0.00229292
0.00268819
0.0020905
0.00170578
0.00234614
0.0030455
0.00127119
0.00308947
0.00172769
0.00188661
0.00315363
0.00158315
0.00341952
0.00269972
0.0034122
0.00306105
0.00262497
0.00161032
0.0034973
0.00287117
0.00266554
0.00306345
0.00150841
0.00199525
0.00302206
0.00197076
0.00256686
0.00199585
0.00265117
0.00246653
0.00348806
0.00257655
0.00310108
0.00215822
0.00297528
0.00124716
0.00190284
0.00222578
0.00281581
0.00285004
0.00328986
0.0020357
0.00177146
0.00223747
0.00220155
0.00297106
0.00172293
0.00274845
0.00308176
0.00339897
0.00275183
0.00169641
0.00256865
0.00216196
0.00247724
0.00210016
0.00269443
0.00195814
0.00310573
0.00354281
0.00291162
0.00131736
0.00277664
0.00301729
0.00373094
0.0046063
