0.000644112
0.000776289
0.000602579
0.000482995
0.00107759
0.000652495
0.000893342
0.00115371
0.000994959
0.000951722
0.00118488
0.0011147
0.000902598
0.00100613
0.000810481
0.00109034
0.000752018
0.00108446
0.000729413
0.00130813
0.0008244
0.000689182
0.000933889
0.000776903
0.000593657
0.00101618
0.000921221
0.00107607
0.000904047
0.000994227
0.00115115
0.000609928
0.000986227
0.00134017
0.000617502
0.00109382
0.001242
0.00103721
0.000843854
0.00132726
0.00123462
0.000629501
0.00109409
0.000721192
0.000845277
0.00106661
0.00101862
0.001086
0.00143737
0.000814574
0.000602154
0.000969547
0.00071695
0.000752826
0.00128368
0.00113591
0.000824338
0.00083007
0.00107389
0.000693946
0.000592797
0.000704746
0.000557376
0.000992136
0.000777447
0.000642476
0.00142584
0.0010037
0.000594819
0.00155983
0.000859587
0.000534331
0.000592019
0.00127951
0.000842895
0.000869169
0.00102036
0.000840355
0.000775092
0.000538789
0.000674241
0.00107361
0.000462368
0.000591623
0.00106455
0.000764919
0.000805785
0.000919654
0.000415189
0.000916116
0.000804516
0.00128096
0.00103447
0.000884977
0.000324093
0.00103618
0.000880657
0.00116011
0.000996735
0.000516005
0.000806144
0.000571423
0.00116815
0.000647829
0.000909749
0.00143928
0.00121248
0.000465955
0.000921496
0.000914721
0.001075
0.00109882
0.0010057
0.000790548
0.000867159
0.00108692
0.00110433
0.000845378
0.000761919
0.000970721
0.000417062
0.000705663
0.00100743
0.00125895
0.000983108
0.000754304
0.00116578
0.00120598
0.00126678
0.000758222
0.000712211
0.000407681
0.000476443
0.000671442
0.000935643
0.000565124
0.00101278
0.000803008
0.00108208
0.000398243
0.00068497
0.000628904
0.000494519
0.000550042
0.000995043
0.00130617
0.000659719
0.000890848
0.000904205
0.000862472
0.000992521
0.000880607
0.000990862
0.00114995
0.000682575
0.00146855
0.000730835
0.00128445
0.00109973
0.00069348
0.000977857
0.000918967
0.00107618
0.000809109
0.000879351
0.000779748
0.001142
0.00113433
0.000753733
0.00103727
0.00135884
0.00147097
0.000901714
0.00121888
0.000877172
0.00102837
0.000902424
0.001294
0.000950202
0.000971748
0.000992536
0.000793484
0.000857302
0.000841489
0.000949625
0.000602605
0.000961848
0.00087548
0.000998722
0.000993618
0.0013271
0.000882508
0.000597928
0.000935259
0.000791675
0.000883531
0.000909948
0.00125073
0.00115398
0.000872489
0.000951529
0.000675059
0.0010561
0.000641505
0.000867982
0.000602476
0.00117339
0.000641236
0.00124905
0.00138862
0.000857843
0.000738781
0.000548757
0.000529231
0.00119493
0.000769603
0.00070141
0.00071471
0.000924497
0.00105909
0.00111599
0.000751894
0.000878811
0.0009301
0.00112077
0.00102486
0.000844605
0.000637868
0.00109453
0.00105745
0.00103546
0.000959581
0.00115392
0.00134715
0.000774667
0.0007446
0.000804741
0.0010838
0.000710843
0.000717944
0.00102549
0.000811434
0.00102277
0.000770024
0.000960011
0.000883415
0.000742685
0.000824267
0.000842655
0.000833077
0.000869411
0.00133606
0.00105594
0.00143787
0.00110624
0.00107984
0.000792489
0.00103271
0.000466762
0.00121603
0.00119386
0.00112387
0.00138349
0.000583482
0.000685292
0.000462386
0.000660094
0.00105751
0.000879231
0.000695971
0.000564873
0.00107205
0.000788101
0.000717113
0.00118214
0.000667
0.00158232
0.00064114
0.00101585
0.000930606
0.00152798
0.00120202
0.000884091
0.000694313
0.000656332
0.000896131
0.00114176
0.000684466
0.000850925
0.000785864
0.00105181
0.000948437
0.000899066
0.00118638
0.00116592
0.000555533
0.00105824
0.00073621
0.000924437
0.00084899
0.000953183
0.000720749
0.000906407
0.00086356
0.00124393
0.000931216
0.000952497
0.000959519
0.000910035
0.00119374
0.00126964
0.00091875
0.000918384
0.000802456
0.000851288
0.000999831
0.000790931
0.000887241
0.00120974
0.00100503
0.00121969
0.000950772
0.000776528
0.000782865
0.0010472
0.00114749
0.00102756
0.00119109
0.000823429
0.000689896
0.00076201
0.00109884
0.000745395
0.000489273
0.00112498
0.00080614
0.00101134
0.00148693
0.000889718
0.000705178
0.0010368
0.00106388
0.000929424
0.00119086
0.00107194
0.000913615
0.000660403
0.00088027
0.00102717
0.000638349
0.000832585
0.000849564
0.00100512
0.00120293
0.000881092
0.00123264
0.000687018
0.00148545
0.000360185
0.000972898
0.000631034
0.000934333
0.00146178
0.00119428
0.00103129
0.00124606
0.00123969
0.00082628
0.000997204
0.00104227
0.0013188
0.000772976
0.00088223
0.00130584
0.0008496
0.00140948
0.00110611
0.000734317
0.000848898
0.000933914
0.000694247
0.00102356
0.000650346
0.00110668
0.000600949
0.000896512
0.000545718
0.000824509
0.000618308
0.00137054
0.00108636
0.000770195
0.0010443
0.00119539
0.000998882
0.00105527
0.000765895
0.000839511
0.000350048
0.000729798
0.000910797
0.00105914
0.000571048
0.000992246
0.00111403
0.000676277
0.000796369
0.000608462
0.000583021
0.000925836
0.000957238
0.00104987
0.00127517
0.000584943
0.000675917
0.000536475
0.000301617
0.00126874
0.000948859
0.00111414
0.000811437
0.000921287
0.0010983
0.000924595
0.00103714
0.000523822
0.000434088
0.000923178
0.000652452
0.000648994
0.000863989
0.000881466
0.00126793
0.0010761
0.000461197
0.000813101
0.00096894
0.000850643
0.000913607
0.000792452
0.00126155
0.000810423
0.000574814
0.00109661
0.000696621
0.000744277
0.00132694
0.00106896
0.000737317
0.000636037
0.000952485
0.000565144
0.000893773
0.00112805
0.00115737
0.00049355
0.000841983
0.000954654
0.0016562
0.00064385
0.00135646
0.000827488
0.00116642
0.000458508
0.000745304
0.000596539
0.00106602
0.000790311
0.000762771
0.00107319
0.000884868
0.000904646
0.000920262
0.000592857
0.000910574
0.00129974
0.000754095
0.000726452
0.000741776
0.000517036
0.000693016
0.000829755
0.000708031
0.000624196
0.00125009
0.000697361
0.000398463
0.00117187
0.000790472
0.000823262
0.000717492
0.00101186
0.000998971
0.000860279
0.000836211
0.00139988
0.00112769
0.000781892
0.000799536
0.00125502
0.000734949
0.000877694
0.000411182
0.00112183
0.00112338
0.00108802
0.000535081
0.00138779
0.000832462
0.00097563
0.00122382
0.000686515
0.000899048
0.00111699
0.000733484
0.0007787
0.00082727
0.000558115
0.000705923
0.00077408
0.000868936
0.000896241
0.000981215
0.000786429
0.00104122
0.00085258
0.00108534
0.000953657
0.00098588
0.00105712
0.000652041
0.000853483
0.0010018
0.000694419
0.00127737
0.000643542
0.000993073
0.00128747
0.000679926
0.00106143
0.000989859
0.000663552
0.000975768
0.000725212
0.00107862
0.000853015
0.000693624
0.00134663
0.000918826
0.000950008
0.00095597
0.000490372
0.000538374
0.00098895
0.0014122
0.00110807
0.000948823
0.00121389
0.00102643
0.000328859
0.000535327
0.000799187
0.000928328
0.000688185
0.000811223
0.000486848
0.000734476
0.00118399
0.00115283
0.000895241
0.00088808
0.000831661
0.000973058
0.000779186
0.00074789
0.000768341
0.00069531
0.00103361
0.000774397
0.000770875
0.000577655
0.00125242
0.000913751
0.00113801
0.000862262
0.00116752
0.000953917
0.00137984
0.000921271
0.000662474
0.00147979
0.000455701
0.000752241
0.000643873
0.000722388
0.00133513
0.000974842
0.000976563
0.000634336
0.000609853
0.000224876
0.00108673
0.00112784
0.000935547
0.000777694
0.000734515
0.000609991
0.000898197
0.00110568
0.00087123
0.00108296
0.00122957
0.00115662
0.00127504
0.000661947
0.00111437
0.000937746
0.000918613
0.000709377
0.00124904
0.00106389
0.000542168
0.000891707
0.000944009
0.00112288
0.000779967
0.000776664
0.000826153
0.000311535
0.00129344
0.00088388
0.00082913
0.000999807
0.00109581
0.00100672
0.000971565
0.00083962
0.00105406
0.00101711
0.000767656
0.000940455
0.000792778
0.000921631
0.0012184
0.000601123
0.000678127
0.000749536
0.00148907
0.000725925
0.00109705
0.00102898
0.000935524
0.00126569
0.00078381
0.00111228
0.000877866
0.000949867
0.00110811
0.000652889
0.00118277
0.00111212
0.000855147
0.000910191
0.00106928
0.000720887
0.000723541
0.000883575
0.000922366
0.00125598
0.000769964
0.000831645
0.000445785
0.000922411
0.00110801
0.000967109
0.00103299
0.000993732
0.000676915
0.000853827
0.000870075
0.000884017
0.000978995
0.00106183
0.000969923
0.00111616
0.00129512
0.00109052
0.000694931
0.000553586
0.000727835
0.000836793
0.00140092
0.000506671
0.0010859
0.000926265
0.00106438
0.00103114
0.00110432
0.000899931
0.000824193
0.0012158
0.000594232
0.00101181
0.000998409
0.00118861
0.000842844
0.000668089
0.00101444
0.00140907
0.00119216
0.000770012
0.00105357
0.000958475
0.00114409
0.00104326
0.000944177
0.000893003
0.00073429
0.00114295
0.000804958
0.00095388
0.000655738
0.000941881
0.0011483
0.00113981
0.000929081
0.00113155
0.000810723
0.000985129
0.00137635
0.00113787
0.000805623
0.00089218
0.00107477
0.000748771
0.00134412
0.000960705
0.000928641
0.000713495
0.000530826
0.000753013
0.000360994
0.000747984
0.00103496
0.000683845
0.000950926
0.00108571
0.00106815
0.00104014
0.000948018
0.00125988
0.00111374
0.000657585
0.00100044
0.000879571
0.000813504
0.00086028
0.000994602
0.000777111
0.00112434
0.000989542
0.000654857
0.00110905
0.000522214
0.000643341
0.0011563
0.000978299
0.0012088
0.000865215
0.000733331
0.000641459
0.000816111
0.00071841
0.000405103
0.00102838
0.00106661
0.00107938
0.00103219
0.00103919
0.000956529
0.000719302
0.000977547
0.00128366
0.000612469
0.00110711
0.001142
0.00101996
0.00109788
0.000760609
0.000507186
0.00090025
0.00142605
0.000855444
0.00090352
0.00118584
0.00125771
0.000904869
0.00082174
0.000971979
0.000984516
0.000865393
0.000786009
0.000969318
0.000634511
0.000894388
0.000768678
0.00101686
0.000633291
0.00109198
0.000886026
0.000510523
0.00141957
0.000967938
0.000874597
0.00104458
0.000610171
0.00106054
0.00114035
0.000691758
0.00114686
0.000721473
0.000871589
0.0010968
0.000890219
0.00129468
0.00090453
0.000953997
0.00074751
0.000996207
0.00108275
0.000587862
0.00109351
0.00108374
0.000995122
0.000618525
0.000985669
0.00118523
0.00134874
0.00026094
0.00106605
0.000754402
0.000869367
0.000808258
0.000858039
0.000689732
0.0010556
0.00128218
0.000950426
0.00106538
0.00100493
0.00101577
0.0011839
0.00123381
0.00111458
0.00108237
0.000916155
0.000895831
0.000973282
0.000498163
0.000746856
0.000677352
0.00074448
0.000712131
0.000907668
0.000876391
0.00128865
0.00057248
0.00103909
0.000828885
0.000964411
0.000593618
0.000795304
0.00107193
0.00101416
0.000773792
0.000941134
0.00119688
0.000798795
0.00077984
0.000865447
0.000617946
0.00119698
0.000916091
0.000711729
0.000725762
0.000968566
0.000726871
0.00106774
0.00132619
0.0010874
0.000877925
0.00121994
0.000665554
0.000918432
0.00141573
0.000784245
0.00119605
0.0010255
0.00105947
0.000602983
0.00139923
0.000982172
0.000788392
0.000855585
0.00118342
0.000918558
0.000856231
0.000787673
0.000738913
0.00092705
0.000805991
0.000609447
0.000794957
0.00103624
0.000526734
0.000677804
0.000396842
0.000803307
0.000819713
0.000834062
0.000907914
0.00112003
0.00149987
0.00069657
0.000428728
0.00109837
0.00112206
0.00107853
0.000996203
0.00119319
0.000627652
0.000884161
0.00115072
0.00110948
0.000840513
0.000985406
0.000766311
0.000625287
0.000860021
0.00111639
0.000465977
0.0011325
0.000633317
0.000691571
0.00115602
0.000580335
0.00125349
0.000989633
0.00125081
0.00112209
0.000962231
0.000590294
0.001282
0.00105248
0.000977103
0.00112296
0.000552937
0.000731397
0.00110779
0.000722419
0.000940931
0.000731615
0.000971838
0.000904153
0.00127861
0.000944483
0.00113676
0.000791138
0.00109065
0.000457169
0.000697524
0.000815903
0.00103219
0.00104474
0.00120596
0.000746223
0.000649361
0.000820188
0.000807019
0.0010891
0.000631573
0.0010075
0.00112968
0.00124596
0.00100873
0.000621852
0.000941587
0.000792506
0.000908078
0.000769855
0.000987694
0.000717793
0.00113846
0.00129869
0.00106731
0.000482904
0.00101783
0.00110605
0.00136765
0.00168853
0.00102159
0.0010982
0.000894311
0.00115602
0.000623132
0.000627847
0.000603727
0.000884788
0.000619384
0.00100027
0.000864761
0.000845069
0.00115005
0.00111174
0.00065597
0.00082185
0.0012076
0.00124116
0.000756034
0.000675738
0.00109971
0.00073323
0.00126937
0.000807681
0.00116158
0.000869535
0.000989333
0.000993819
0.000395586
0.000935571
0.000762892
0.000834599
0.000789562
0.000836012
0.00109878
0.000836973
0.000511752
0.000949203
0.00102323
0.00114536
0.000874364
0.000880583
0.000562174
0.000592823
0.000751083
0.00079829
0.00118158
0.0010691
0.000720929
0.000779847
0.000940846
0.00100842
0.000913797
0.00125246
0.000854629
0.000697458
0.00102607
0.000342141
0.00130332
0.00066306
0.000649373
0.000606887
0.000947429
0.000954302
0.000677091
0.000812838
0.00103065
0.00112321
0.000667362
0.00114458
0.0012976
0.000722137
0.00138306
0.0011835
0.00092044
0.000718006
0.000688
0.00113039
0.000484572
0.00066483
0.000929674
0.000908409
0.000847418
0.000955151
0.000984306
0.00116907
0.00066165
0.00104827
0.00109751
0.00102587
0.000859175
0.00101537
0.000769343
0.00140907
0.000597194
0.00130268
0.000743089
0.000935672
0.000866944
0.000947408
0.00119418
0.00104707
0.00086887
0.00106411
0.00107681
0.000464836
0.000962295
0.000838482
0.000691551
0.000570808
0.000892918
0.00143886
0.00119313
0.001127
0.00087904
0.00126787
0.000535873
0.000970045
0.0005798
0.000677456
0.00128515
0.000633304
0.00111353
0.000566973
0.000632344
0.00080297
0.000964082
0.00117245
0.00085813
0.000890548
0.00103909
0.00113565
0.00107482
0.000819536
0.000991784
0.00132471
0.000726031
0.00120763
0.000886384
0.000774495
0.000924966
0.00139214
0.000786845
0.000792947
0.0013001
0.000932197
0.000974151
0.000981025
0.000975692
0.00103759
0.00104159
0.000714989
0.000511678
0.00110348
0.000900804
0.00097762
0.00100134
0.00134706
0.00128046
0.000514127
0.00110297
0.00110449
0.00072106
0.000686228
0.00101607
0.000543981
0.000738994
0.000844836
0.00112078
0.000730362
0.000919534
0.000700916
0.000943891
0.000977789
0.000526384
0.000812922
0.00125389
0.00051716
0.000779211
0.00101752
0.000816903
0.000769345
0.000941225
0.00139649
0.000902962
0.000949314
0.00130111
0.000999235
0.00044683
0.00104182
0.00113933
0.000884643
0.0012051
0.000711157
0.00105484
0.000739352
0.00113921
0.00106697
0.000644249
0.000936044
0.000739002
0.00160771
0.000648808
0.000671275
0.000904276
0.0007112
0.000836676
0.000624508
0.00113433
0.000978502
0.00101465
0.00120559
0.000892387
0.00060217
0.001155
0.00111
0.000935164
0.000653434
0.00115635
0.000972367
0.00115014
0.000654149
0.000810309
0.00148343
0.000573342
0.000971633
0.000743986
0.000686444
0.000816896
0.000717492
0.00120771
0.00107186
0.000446379
0.00105852
0.000700561
0.00098111
0.00101367
0.00103351
0.000956576
0.000815526
0.00105937
0.000859734
0.00122854
0.00102401
0.00108177
0.000813874
0.00104271
0.000818138
0.00103046
0.00104202
0.00133706
0.000976987
0.00105202
0.000507113
0.00100103
0.00098361
0.00118791
0.000851442
0.000908536
0.0010497
0.000690089
0.00113292
0.000921771
0.00123481
0.0010618
0.000880559
0.000710167
0.00075537
0.00137676
0.00132804
0.00125419
0.00096423
0.00115415
0.00107673
0.00137105
0.00134552
0.000777422
0.0011343
0.000850977
0.000560251
0.00115946
0.000840056
0.000897393
0.000805941
0.000483044
0.000992495
0.000616352
0.000556404
0.000844675
0.00119398
0.000994118
0.00057717
0.000874461
0.000541748
0.00079674
0.00119699
0.000720472
0.00125099
0.000923785
0.00070783
0.000845793
0.000863031
0.00114883
0.00100002
0.000501774
0.000738534
0.000929745
0.00125627
0.000788844
0.00118546
0.00100236
0.000518026
0.00133847
0.000857128
0.00116121
0.000865607
0.000980219
0.000712228
0.000716307
0.00102179
0.000791929
0.000920712
0.00119342
0.00102548
0.00111127
0.000726246
0.000731627
0.00072997
0.00138158
0.000923839
0.00116745
0.000937127
0.00133793
0.000775395
0.000866451
0.000641326
0.000853788
0.00109541
0.000791378
0.000846951
0.000789292
0.00103913
0.000731629
0.00101372
0.00119731
0.000902164
0.00054896
0.000980143
0.000938584
0.000699381
0.000714941
0.00103029
0.000838027
0.000709685
0.00109808
0.000785529
0.000953032
0.000528703
0.00064369
0.000922516
0.00104908
0.00114329
0.000875192
0.000930624
0.000691939
0.00075225
0.00083358
0.000949321
0.00105272
0.000998935
0.00102427
0.000716853
0.000468019
0.00125087
0.000806692
0.000652403
0.000747049
0.00088223
0.000488215
0.000640269
0.000800107
0.000960613
0.00119197
0.000957363
0.000906174
0.000961027
0.000934555
0.000697497
0.00084871
0.00100363
0.000761414
0.00100501
0.000632639
0.00100011
0.000647027
0.000635747
0.000746533
0.00123632
0.00129254
0.00114505
0.000985278
0.000762471
0.000842633
0.000968832
0.00101831
0.0008859
0.00134439
0.00116946
0.000965021
0.00105965
0.00111801
0.00101233
0.00113723
0.00108164
0.00062472
0.00116149
0.000766223
0.00116467
0.000983394
0.000575006
0.00105403
0.000792665
0.000820096
0.00109503
0.000701007
0.00116361
0.000388869
0.00123968
0.00101731
0.000850253
0.000957095
0.000848796
0.00137956
0.000760383
0.000736154
0.000915312
0.00113559
0.000732674
0.00100859
0.000444244
0.00104927
0.00112861
0.000750597
0.00105359
0.000758376
0.000325611
0.000603262
0.00134068
0.00119352
0.00105431
0.00077579
0.000665576
0.00120118
0.00146602
0.000642944
0.000921667
0.000803743
0.000661469
0.0007675
0.00120986
0.000607229
0.000774769
0.000728779
0.000730526
0.00103883
0.00116251
0.00099883
0.00097737
0.000794845
0.000723113
0.0013468
0.000624922
0.000976563
0.000930817
0.00130179
0.000881677
0.000545469
0.000828291
0.000585657
0.000988085
0.00102137
0.00122373
0.00115705
0.00084424
0.00108162
0.00119981
0.000815507
0.000826237
0.00105309
0.00111837
0.000897164
0.00110431
0.00055455
0.000916778
0.000744212
0.000849497
0.00083886
0.00115531
0.001154
0.000859049
0.00109856
0.00110801
0.00100186
0.00154789
0.00108383
0.000902081
0.000724865
0.00133091
0.00134976
0.000624589
0.000909452
0.00101716
0.000862559
0.00120817
0.0011237
0.000758646
0.000947954
0.00100389
0.000764045
0.000847459
0.000888287
0.00125584
0.000950406
0.000803858
0.000922918
0.000889241
0.00092278
0.000898927
0.00076562
0.00121805
0.000888196
0.000604341
0.00110023
0.000803605
0.000795991
0.000935698
0.000643085
0.00080322
0.0011953
0.000882694
0.000802467
0.000717188
0.000953426
0.000892685
0.0006522
0.000287483
0.00056062
0.000989889
0.000484781
0.000732351
0.000715988
0.000772749
0.000884075
0.00118571
0.000575127
0.000650292
0.000239673
0.000731856
0.000536735
0.000822018
0.00129735
0.00111833
0.00127664
0.000952156
0.00104833
0.00082615
0.00127169
0.00115784
0.00147116
0.00100382
0.000687344
0.000863736
0.000783908
0.000896914
0.00117228
0.00083586
0.000707479
0.000967864
0.000835185
0.000785191
0.000734628
0.00135894
0.000949223
0.000913786
0.000920432
0.000858515
0.00105878
0.000589803
0.000841437
0.000985616
0.000773679
0.000896207
0.000652909
0.00157078
0.000710272
0.000994703
0.00110502
0.000509625
0.000534026
0.000712971
0.00119429
0.00072714
0.00130416
0.000788344
0.00136855
0.00101345
0.000680512
0.000440954
0.00100682
0.00084572
0.000598523
0.000287673
0.00103569
0.00126673
0.00102234
0.000278769
0.000686387
0.000962004
0.00126225
0.000642399
0.000801433
0.00068677
0.000945463
0.00095923
0.00127478
0.00107341
0.0010936
0.000790477
0.00118933
0.000924058
0.00124481
0.000534442
0.00091366
0.000416344
0.000535794
0.00107173
0.000990277
0.00140478
0.000738516
0.000948905
0.000715722
0.00115516
0.000704322
0.000849257
0.00082079
0.000810457
0.00086815
0.000543471
0.000458746
0.000726688
0.00106273
0.000707934
0.000939335
0.000954644
0.00139574
0.000858668
0.00102314
0.0011045
0.00112208
0.000748444
0.000810412
0.000828224
0.00135064
0.00100151
0.000576524
0.00112587
0.000904214
0.000855051
0.00119872
0.000575752
0.000708745
0.000969295
0.000621494
0.00108347
0.000927734
0.000809294
0.000787409
0.000969442
0.00101352
0.000585032
0.000795533
0.00115705
0.000921656
0.00130152
0.000920937
0.00101732
0.00116508
0.000582662
0.000435096
0.000825019
0.000682321
0.000469622
0.000626444
0.00108707
0.00110277
0.000555652
0.000757676
0.00059683
0.000891387
0.000761342
0.000715468
0.000895068
0.000838416
0.0013958
0.00062174
0.00137804
0.0011967
0.000660203
0.00128802
0.00122705
0.000783985
0.000449958
0.00131318
0.00101415
0.000678282
0.00102518
0.000624206
0.00099136
0.000796621
0.00102181
0.00128248
0.00125112
0.00095944
0.000767049
0.0009581
0.000875513
0.00123448
0.00106992
0.000900619
0.00141482
0.000892277
0.000881148
0.000906025
0.000784681
0.00162209
0.000681457
0.000741841
0.00106747
0.000852384
0.00129157
0.000677863
0.000179028
0.0010874
0.00120529
0.000766701
0.00103794
0.00108613
0.000933125
0.00133273
0.00104018
0.00100561
0.000928998
0.000700839
0.0010279
0.00120799
0.000866354
0.000641457
0.000781452
0.00110631
0.000389544
0.000865087
0.000965401
0.000874739
0.000827127
0.00105604
0.0005782
0.000701818
0.000966042
0.000693892
0.00104873
0.00104247
0.00121804
0.00125566
0.000653554
0.00123759
0.000904365
0.000871534
0.000816212
0.000945005
0.000871423
0.000685727
0.000933442
0.00127857
0.000508176
0.00106909
0.000788266
0.000734031
0.000783097
0.00118922
0.000659365
0.00109462
0.00113241
0.000599024
0.00128328
0.00073333
0.000971956
0.000853665
0.000650016
0.000867152
0.000969996
0.00106877
0.00090563
0.00117312
0.00126638
0.000915938
0.00068449
0.000928355
0.00111633
0.00112351
0.00116387
0.00127584
0.000901717
0.00118678
0.00101276
0.000731245
0.00134241
0.000374268
0.000740907
0.000490281
0.00076294
0.000972184
0.00122998
0.000853302
0.000945727
0.000349055
0.000686282
0.00105166
0.000684971
0.00126504
0.000714263
0.000786082
0.000858098
0.000539144
0.00121109
0.000794598
0.00114215
0.000751743
0.000695046
0.000902695
0.00101883
0.000828989
0.00109933
0.000559821
0.00122673
0.000858954
0.000919897
0.000829709
0.00107406
0.000757652
0.00120299
0.00123639
0.000850437
0.00133206
0.00101686
0.000778687
0.00116599
0.00119016
0.00115282
0.000997444
0.000925391
0.00105831
0.00100307
0.000843697
0.000950586
0.00067009
0.000974853
0.000882124
0.000571201
0.000766479
0.00116231
0.000703811
0.00126779
0.000998083
0.000813661
0.00116338
0.000816195
0.0012865
0.00101961
0.00138431
0.000974898
0.000997886
0.000861683
0.000531399
0.000582878
0.000797409
0.000998516
0.00107462
0.000578181
0.00128584
0.000973857
0.000912652
0.000898169
0.000605679
0.000807029
0.00102376
0.000960256
0.000895265
0.000954489
0.00127693
0.000862506
0.000772992
0.00104539
0.00100609
0.00117773
0.000619115
0.000865359
0.000910027
0.000710009
0.000927366
0.000866051
0.000843953
0.00115122
0.00088792
0.00106147
0.0006542
0.000651194
0.000878315
0.000554821
0.000976395
0.000915266
0.000500069
0.00129145
0.00117872
0.00154678
0.000867329
0.000791439
0.00112748
0.000619107
0.000710845
0.00102403
0.000885717
0.00086452
0.000961902
0.000959144
0.00102765
0.000663565
0.000925625
0.000525871
0.000812306
0.000965512
0.00110421
0.00116725
0.00118724
0.00123159
0.000695304
0.000631024
0.000560782
0.000720882
0.000599534
0.000976033
0.000717637
0.00102599
0.000606661
0.000780235
0.00118125
0.00105286
0.00123362
0.00103886
0.000654691
0.000903895
0.00120006
0.00056786
0.00123202
0.00120313
0.000860701
0.00120556
0.00136792
0.000758807
0.000797333
0.000886794
0.000652143
0.000838672
0.000585021
0.00117418
0.000596505
0.000601884
0.000614671
0.00130068
0.0012845
0.000727801
0.000832788
0.000755202
0.000860471
0.000589954
0.000865754
0.00079382
0.00086681
0.000886312
0.000980498
0.000897271
0.000997241
0.000875392
0.000551514
0.00132327
0.000845795
0.000700786
0.000945783
0.000684181
0.000811203
0.00124355
0.00111657
0.00106942
0.000352425
0.000472008
0.00111294
0.00103176
0.00102176
0.000692211
0.00102772
0.00069878
0.000911968
0.00110352
0.000712217
0.000549756
0.00100804
0.000681746
0.000600153
0.000540722
0.0011121
0.000985653
0.000895777
0.000521396
0.00091188
0.000544553
0.000851966
0.000830484
0.000608879
0.000991549
0.000630278
0.000783897
0.00126652
0.00054171
0.00110822
0.000871036
0.00136358
0.000617677
0.000805971
0.000470274
0.00121114
0.00063662
0.00129953
0.00107661
0.000795429
0.000616989
0.000698141
0.0009926
0.000690339
0.000704796
0.000847397
0.000748584
0.000924343
0.000449151
0.00108489
0.000566105
0.000863007
0.00103009
0.000762363
0.00094255
0.000590036
0.00047613
0.0010677
0.000589778
0.0013924
0.000635283
0.000610078
0.00070937
0.000608516
0.00020121
0.0010613
0.000474612
0.000934284
0.000877931
0.00117782
0.00117481
0.0011106
0.00130596
0.000984037
0.000802238
0.00103815
0.000892148
0.00111456
0.00105455
0.00082933
0.000572651
0.00108976
0.00102188
0.000740762
0.00106164
0.00112366
0.000849786
0.00118439
0.000751436
0.000754278
0.000962681
0.000794914
0.00108125
0.000488131
0.00121202
0.000930307
0.00093999
0.000792535
0.00121331
0.000604558
0.000795148
0.000796189
0.0013428
0.00153352
0.000813115
0.000701086
0.000562212
0.00126687
0.00102737
0.000394175
0.00108699
0.00125555
0.0008955
0.000938998
0.00088507
0.000686908
0.000518854
0.000772601
0.00059399
0.000768473
0.000546736
0.000720226
0.000903351
0.00101142
0.000683879
0.00103754
0.000711551
0.000733758
0.000635802
0.00111435
0.00104075
0.00120205
0.000998845
0.000584801
0.00106755
0.000369184
0.000834695
0.00089617
0.000992519
0.000964334
0.00114691
0.00114537
0.00124199
0.00117741
0.00108852
0.000764391
0.00104163
0.000704045
0.001111
0.000595605
0.000930474
0.000497526
0.000815726
0.00101196
0.00140794
0.000937692
0.000675426
0.000759287
0.000817938
0.000864445
0.00102601
0.000739171
0.000771531
0.000844788
0.000981388
0.00132867
0.000331483
0.000936489
0.00098411
0.00107491
0.000881552
0.000822387
0.000655626
0.000839943
0.00106516
0.000978464
0.000907369
0.000491173
0.00117099
0.000971063
0.000691574
0.000761099
0.00124037
0.000981244
0.000555351
0.000622541
0.000972226
0.000622429
0.00103222
0.000952218
0.000633451
0.0009089
0.000811012
0.00048192
0.000939029
0.000924309
0.00117326
0.00106658
0.00119182
0.000790861
0.000850143
0.000508758
0.000991663
0.000938221
0.000938185
0.0007099
0.000730801
0.00126159
0.00147782
0.00114114
0.000799427
0.000901166
0.000847209
0.00101448
0.000955645
0.000991867
0.00103496
0.00105111
0.000966248
0.000745161
0.00125424
0.00104874
0.000602324
0.00117767
0.00084628
0.000807972
0.000852155
0.00110541
0.000924686
0.000885345
0.000630838
0.00070537
0.000846824
0.00131762
0.00102563
0.000975267
0.00109088
0.000805255
0.000833067
0.00117403
0.000838548
0.00136581
0.00103153
0.000677238
0.000781793
0.000638474
0.000869901
0.000863275
0.00108106
0.000971165
0.000767882
0.00123161
0.000903113
0.000951141
0.000927758
0.00134577
0.000921831
0.00104623
0.000525927
0.000925804
0.000722703
0.000954023
0.00107442
0.00124093
0.000535437
0.000930908
0.00116948
0.000863385
0.000675163
0.000660823
0.00138686
0.000839259
0.000919727
0.00125321
0.00107075
0.00128955
0.000621967
0.000952291
0.000786706
0.000859018
0.000883325
0.00149924
0.00118904
0.00059164
0.00106527
0.000773363
0.000925686
0.000717163
0.000984044
0.000944508
0.000691929
0.00116142
0.000867193
0.000725559
0.000896227
0.000908711
0.000946601
0.000770668
0.00105806
0.00141977
0.000706536
0.000626753
0.00117844
0.000680707
0.000906333
0.00128314
0.00107024
0.00120677
0.000883502
0.000847479
0.0012158
0.00134622
0.00145428
0.000904544
0.00087109
0.0011667
0.0006265
0.00101132
0.00111476
0.000694034
0.000950138
0.00091823
0.00102712
0.000975909
0.00110615
0.000657029
0.00105033
0.00105319
0.000843582
0.000427493
0.000322407
0.000457743
0.000983244
0.000995225
0.00119599
0.00108687
0.000863044
0.00119649
0.000867047
0.000888457
0.000536086
0.000833936
0.000772479
0.0006647
0.000638778
0.00109562
0.0010129
0.000655262
0.00118651
0.00126942
0.0011355
0.000506359
0.000903246
0.000589417
0.000703843
0.000497574
0.00109163
0.00113983
0.000676704
0.00122122
0.000664807
0.000122546
0.00119485
0.000723782
0.000850785
0.000544864
0.00110107
0.000736303
0.000472155
0.00076747
0.000943214
0.000912404
0.00058812
0.000691756
0.000722159
0.000887509
0.000749908
0.00108232
0.000992002
0.000905495
0.000488338
0.00116963
0.0011871
0.000945945
0.000857831
0.00111318
0.000918038
0.000838628
0.000482335
0.000652587
0.000707724
0.000670724
0.00151726
0.000693325
0.000937718
0.00074029
0.000451721
0.00103805
0.00109312
0.000870575
0.000580986
0.00096149
0.000906991
0.000944123
0.00117792
0.000870793
0.000946325
0.000809848
0.000876245
0.00105875
0.000606036
0.000826258
0.000914221
0.00134352
0.000908142
0.00081682
0.00107682
0.00051469
0.000412944
0.000699958
0.000775955
0.000685055
0.0010644
0.000661492
0.000987489
0.00103108
0.00113409
0.00108596
0.000613335
0.000628593
0.000940852
0.00110812
0.00142937
0.00139652
0.000954526
0.00103384
0.00158748
0.000919582
0.00122902
0.000901331
0.00101507
0.00112688
0.00049026
0.000923045
0.000964449
0.000694478
0.000569652
0.00112228
0.00129221
0.000949804
0.000602413
0.000768485
0.000779802
0.000855481
0.000792165
0.00100513
0.000836451
0.00105075
0.000940615
0.00111546
0.000888709
0.000982949
0.00086701
0.00102662
0.00113677
0.000758397
0.000929173
0.00108772
0.00134893
0.000505628
0.000930116
0.000775818
0.00125833
0.000875753
0.000452064
0.00102346
0.00108672
0.00104521
0.00126916
0.00112406
0.000799469
0.000564198
0.000536737
0.00104861
0.00107027
0.000858054
0.000648823
0.00114818
0.00104927
0.000667209
0.0011554
0.000911239
0.000979539
0.000923408
0.000700117
0.000960535
0.00106914
0.000846604
0.000909864
0.00107642
0.00128578
0.000647564
0.000753305
0.000478452
0.00110402
0.000768944
0.000981245
0.00103081
0.00112664
0.000617102
0.00132647
0.000904452
0.000956521
0.000708672
0.000614995
0.000738569
0.00112678
0.00115677
0.00112506
0.000919354
0.00060497
0.000510802
0.000696132
0.000809237
0.000480878
0.00085777
0.000840261
0.000706778
0.000833181
0.00103128
0.000393011
0.00102897
0.000851528
0.000631227
0.00109574
0.0013624
0.00139003
0.00059693
0.000777504
0.000946044
0.000582341
0.00114276
0.000897796
0.00121996
0.00101466
0.000368025
0.00106919
0.00115662
0.000771569
0.00110627
0.000870557
0.000540052
0.000872944
0.000799147
0.000876031
0.000346076
0.00102822
0.00117119
0.00106052
0.000741189
0.000657917
0.00078744
0.00108316
0.00111488
0.000984898
0.0011058
0.000861017
0.00145356
0.00104951
0.000591525
0.00138188
0.00112223
0.00081454
0.00103811
0.000946004
0.00111209
0.000885295
0.000964281
0.000992982
0.000954492
0.000925511
0.00061622
0.00113149
0.000569001
0.000767641
0.000649913
0.000606047
0.0013952
0.000701134
0.00129927
0.000683215
0.000692106
0.000704042
0.000898246
0.00115942
0.00100224
0.000865059
0.0011907
0.000986399
0.000677486
0.000959304
0.00117196
0.00100015
0.00112259
0.00124149
0.000597578
0.000723037
0.000967563
0.000599537
0.00106147
0.000734436
0.000986648
0.00112622
0.000536751
0.000970898
0.000982813
0.000786623
0.000941571
0.000708919
0.000997095
0.00150743
0.000907328
0.00140675
0.000949197
0.000838349
0.00102084
0.000937933
0.000780043
0.00119717
0.00140704
0.000593302
0.000658811
0.00102438
0.000929722
0.00105639
0.00137424
0.000469285
0.000459899
0.000948248
0.000431074
0.00126553
0.000783465
0.000952801
0.00102448
0.000908916
0.000890711
0.00119767
0.00123787
0.000722047
0.00111549
0.000623788
0.000754283
0.00123687
0.000646043
0.000729602
0.000588809
0.000909961
0.0011228
0.00112523
0.0011556
0.000719246
0.00103727
0.0010153
0.000985654
0.000783542
0.00103633
0.00102691
0.000524465
0.000812234
0.000701899
0.00106539
0.00106679
0.00119561
0.000744949
0.000914049
0.000932722
0.00127235
0.0012433
0.000692641
0.000677371
0.00074778
0.00108397
0.000489306
0.000874976
0.00119474
0.000784538
0.00138186
0.000814572
0.000941496
0.000855241
0.000897173
0.00064291
0.00151392
0.000922046
0.000772259
0.000709192
0.00104365
0.000911021
0.0007371
0.000936935
0.00112398
0.000977934
0.000998654
0.00123507
0.000948492
0.000915755
0.00116664
0.000832141
0.00107811
0.000514768
0.000777437
0.000783399
0.000905819
0.00120079
0.000690111
0.000849808
0.000648825
0.00119277
0.000820605
0.00105422
0.000811401
0.000592591
0.00107231
0.000808863
0.00100301
