1.00064 -6.99922
5.0006 3.00048
1.00108 5.00065
7.00089 1.00115
3.00099 -6.99905
7.00118 -6.99889
-6.9991 -0.998994
-6.99919 -6.99891
3.00075 -6.99892
-4.99927 -6.99869
-6.99918 -0.999311
-6.99907 -6.99922
3.00059 -6.99898
-4.99908 -2.99892
7.0009 -0.999006
-6.99885 -6.99939
3.00099 -6.99866
-4.99938 -6.99891
-6.99876 -0.998963
5.00084 -6.99867
3.00123 -6.99937
-4.99891 -6.99928
-6.99915 -0.998933
-6.99898 -6.99891
1.00144 3.00081
-4.9994 -6.99903
-6.99928 -0.999247
-6.99872 -6.99886
3.00082 -6.99917
-4.99893 5.00069
-6.99941 -0.999295
-6.99944 -6.99901
3.00078 -6.99936
-4.99857 -6.999
-6.99941 -0.99844
-6.99914 -4.99947
3.00059 -6.99872
-4.99916 -6.99913
-6.99898 1.00084
-6.99922 -6.99946
3.00067 -6.99893
-4.99954 -6.99941
-6.99894 -0.999235
-6.99919 -6.99908
3.00042 -6.99908
-6.9992 3.00128
-6.99897 -0.999115
-6.99968 -2.99896
3.00088 -6.99884
-4.999 -6.99948
-6.99919 -0.999429
-6.99883 -6.99935
3.00091 -6.99856
-4.99879 -6.99953
-6.99908 -0.999085
-6.99892 -6.9989
3.00101 -6.99921
-4.99913 -6.99891
-6.9989 -0.999155
-6.99924 -6.99903
3.00042 -6.99929
-4.99899 -6.99874
-4.99902 -0.999246
-6.99883 -6.99879
3.00127 -6.99924
-4.99929 -6.99959
-6.99952 -0.999329
-6.99906 -6.99943
3.00101 -6.9992
-4.99892 -6.9996
-6.99932 -0.999371
-6.99951 -6.99945
3.001 -6.99869
-4.99934 -6.99911
-6.9991 -0.999138
-6.99901 -6.99912
3.00099 -6.99885
-6.99932 7.00147
7.00073 5.00128
7.0011 7.00069
-2.99902 7.00092
7.00108 -6.99919
-6.99912 -4.99922
7.00114 7.00113
-2.99925 7.00104
1.00136 7.00147
7.0009 5.00122
7.00088 -2.99897
-2.9991 7.00129
1.00095 7.00097
7.00099 5.00079
7.00086 7.00084
-2.99905 7.0006
1.00096 -6.99912
-6.999 -0.999006
-2.99867 3.00088
3.0006 -6.99906
-4.99921 -6.99912
-6.99909 -4.99875
7.00115 7.00087
-2.99905 7.00068
1.00106 7.00064
7.00087 5.0006
7.00117 3.00064
5.00125 7.00139
1.00086 7.00074
7.00055 5.00053
7.00119 7.00077
-2.9993 7.00071
1.00092 3.00106
-6.99888 -0.999248
-2.99912 3.00093
3.00112 -6.99898
-4.99916 -6.99936
-6.99891 -4.99894
7.00104 7.00096
-2.99885 7.00135
1.00077 7.00074
7.0008 5.00108
7.00071 7.00072
3.00103 -2.99919
1.00102 7.00077
7.00096 5.00088
7.00074 7.00082
-2.99916 7.00083
1.00087 3.00134
-4.99894 1.00144
-4.99889 3.00108
3.00079 -6.99897
-4.99953 -6.99878
-6.99881 -4.99888
7.00138 7.00058
-2.99931 7.00046
1.00066 7.00106
7.00088 5.0007
7.00056 7.00107
-2.99921 -6.99928
-6.99882 7.00067
7.00158 5.00064
7.00102 7.00093
-2.99847 7.0012
1.00088 1.00069
-4.99934 1.0009
-4.99886 3.00068
3.00085 -6.99921
-4.99895 -6.99905
-6.9991 -4.99881
7.00117 7.00056
-2.99894 7.00074
1.00092 7.00085
7.00095 5.00072
7.00091 7.00086
-2.99876 1.00093
-4.99905 -2.99904
7.00091 5.00119
7.00127 7.00092
-2.99908 7.0008
1.00085 1.001
-4.99921 1.00089
-4.99879 3.00101
3.00122 -6.99905
-4.99922 -6.99922
-6.99895 -4.99885
7.00103 7.00119
-2.99918 7.00069
1.00076 7.0011
7.00075 5.00049
7.00112 7.00081
-2.99899 7.00149
5.00089 -6.99929
7.00104 5.00106
7.00093 7.00119
-2.99893 7.00091
1.00066 7.00088
3.00103 -0.999362
-6.99917 3.00085
3.00101 -6.9988
-4.99912 -6.99877
-6.99931 -4.99851
7.00036 7.00097
-2.99937 7.00093
1.00146 7.00119
7.00103 5.00125
7.00124 7.00083
-2.999 7.00104
1.00132 -6.99923
-2.99912 5.00131
1.00085 7.00141
-2.99889 7.00073
1.00085 7.00093
-6.99931 -0.998976
-6.99935 3.00111
3.0006 -6.9991
-4.99945 -6.99918
-6.99938 -4.99863
7.00109 7.00077
-2.99896 7.0012
1.001 7.00106
7.00077 5.00084
7.00035 7.00073
-0.999089 7.00106
1.00057 1.00099
-6.99889 5.00068
7.0008 -6.99939
-2.99942 7.00093
1.00096 7.00105
-6.99872 -0.999415
-6.99932 -6.99946
3.0003 -6.99873
-4.99905 -6.99889
-6.99919 -4.99908
7.0011 7.00092
-2.99896 7.00052
1.00043 7.00092
7.00065 5.00065
7.00086 7.00088
-6.99873 -2.99892
1.00046 7.00081
-6.99903 -4.99915
7.00091 -6.99921
7.00126 7.00081
1.00057 1.0011
-2.9993 -0.999256
-6.99867 -6.99893
3.00074 -6.99936
-4.99905 -6.99943
-6.99911 -4.99887
7.00116 7.00049
-2.99916 7.00095
1.00166 7.00064
7.00136 5.00083
7.00117 7.00046
3.00075 -2.9994
1.00107 3.00079
-6.99924 -2.99893
7.00088 3.0009
3.00092 -4.99941
-4.99909 3.0013
-0.999246 -0.999274
-6.99926 -6.99948
3.00069 -6.99917
-4.99929 -6.99938
-6.99875 -4.9993
7.0004 7.00117
-2.99921 7.00082
1.00072 7.00101
7.001 5.00086
7.00084 1.0014
3.00113 7.00078
1.0008 1.00126
-6.99927 -0.999122
-2.99959 3.00112
3.00112 -6.99891
-4.99946 -6.99861
-6.99917 -0.999024
-6.99878 -6.99931
3.0009 -6.99888
-4.99927 -6.99922
-6.99917 -4.99944
7.00071 7.00077
-2.99913 7.0009
1.00098 7.00079
7.00104 5.00085
7.00109 3.00095
5.00099 7.00106
1.00065 7.00085
-6.999 -0.999306
-4.99872 1.00064
3.00099 -6.99871
-4.99932 -6.99894
-6.99901 -0.999336
-6.99902 -2.99927
3.00108 -6.99915
-4.99931 -6.99865
-6.99908 -4.99905
7.00096 7.00049
-2.99946 7.00099
1.00141 7.00111
7.00095 5.00121
7.00103 -6.99967
-2.99946 7.0008
1.00093 7.00069
-6.99919 -0.999513
-6.99927 -6.99882
3.00115 -6.9991
-4.99911 -6.99917
-6.99903 -0.999221
-6.99925 7.00077
3.0007 -6.99897
-4.99923 -6.99923
-6.99942 -4.99875
7.00091 7.00114
-2.99914 7.00117
1.00095 7.00138
7.00092 5.00066
7.00148 -4.99954
-2.99925 7.00064
1.00072 7.00134
3.00097 -0.999023
-6.99937 -6.99939
3.00022 -6.99891
-4.99887 -6.99906
-6.99922 -0.999265
-2.99939 7.0009
3.00111 -6.99913
-4.99892 -6.99877
-6.99884 -4.99872
7.00066 7.00111
-2.99906 7.00092
1.00071 7.00125
7.00106 5.00054
1.00089 -2.99906
-2.99888 7.00078
7.00078 7.00083
3.00031 -0.998707
-6.99912 -6.99917
3.001 -6.9989
-4.99899 -6.99903
-6.99916 -2.99895
7.00102 7.00077
3.00094 -6.99921
-4.99908 -6.99878
-6.9994 -4.99932
7.00075 7.00149
-2.99927 7.0011
1.00103 7.00094
7.00127 5.00078
1.00111 7.00088
-2.99905 7.00111
1.00065 -2.99882
3.00111 -0.999145
-6.99909 -6.99893
3.00072 -6.99928
-4.99912 -6.99908
-6.99874 -4.99923
7.00083 7.00045
3.00092 -6.99889
-4.99903 -6.99897
-6.99901 -4.99932
7.00085 7.00087
-2.99912 7.00098
1.00106 7.00097
7.00112 5.0013
5.00109 7.00069
-2.99945 1.00073
-4.99916 -6.9986
1.00051 -0.998914
-6.99907 -6.99894
3.00103 -6.9989
-4.9991 -6.99918
7.00122 5.00059
7.00101 7.001
3.00119 -6.99916
-4.99933 -6.99899
-6.99859 -4.99881
7.00077 7.00105
-2.99904 7.00114
1.00104 7.00094
7.00089 5.00073
-2.99886 7.0008
-2.99905 1.00066
-4.99906 -6.99885
-6.99886 -0.999071
-6.99887 -6.99919
3.00099 -6.99862
-4.99886 -2.99919
7.00089 5.00107
7.00075 7.00134
3.00096 -6.99907
-4.99929 -6.99947
-6.99925 -4.99964
7.00075 7.00103
-2.99932 7.00095
1.00109 7.00107
7.00104 5.00095
-2.99874 7.00111
-2.99934 1.001
-4.99912 -6.99919
-6.99914 -0.999005
-6.99922 -6.99888
3.00099 -6.99935
-6.99889 7.00052
7.00064 5.00116
7.00098 7.00121
3.00087 -6.99927
-4.99936 -6.99918
-6.99928 -4.99959
7.00103 7.00107
-2.99892 7.00103
1.00104 7.00096
7.00072 3.00098
7.00128 7.00061
-2.99889 1.00114
-4.99898 -6.9989
-6.99924 -0.999493
-6.9991 -6.99857
3.00086 -4.9991
1.00119 7.00126
7.0009 5.00082
7.00097 7.00098
3.00087 -6.99921
-4.99903 -6.99937
-6.99911 -4.99923
7.00102 7.00063
-2.99891 7.00089
1.00051 7.00142
7.00097 5.00087
7.00104 7.00061
-2.99894 1.00114
-4.99931 -6.99885
-6.99928 -0.999128
-6.9989 -6.99911
3.00129 7.0009
1.00095 7.00075
7.001 5.00108
7.00059 7.00109
3.00108 -6.999
-4.99938 -6.99901
-6.99881 -4.99865
7.00026 7.00107
-2.99925 7.00087
1.00081 7.00086
7.00069 5.00106
7.00128 7.00095
-2.99893 3.001
-4.99898 -6.99882
-6.99877 -0.998885
-6.99892 -6.99908
5.0009 7.00097
1.0005 7.00075
7.00068 5.00074
7.00071 7.00091
3.00088 -6.99871
-4.99943 -6.99896
-6.99917 -4.99904
7.00059 7.0008
-2.99893 7.00101
1.00077 7.00094
7.0012 5.0008
7.00078 7.00087
-0.999382 -6.9988
-4.99908 -6.99929
-6.99927 -0.999031
-6.99927 -4.99893
-2.99867 7.00109
1.00088 7.00122
7.00067 5.00092
7.00142 7.00078
3.0012 -6.99897
-4.99894 -6.9994
-6.9986 -4.99902
7.00079 7.00086
-2.99882 7.00092
1.00086 7.00079
7.00074 5.00093
7.00081 7.00061
-6.99921 -6.99896
-4.99947 -6.99932
-6.9996 -0.999197
-6.99918 -2.99917
-2.99909 7.00112
1.0015 7.0007
7.00043 5.0011
7.00112 7.00108
3.001 -6.99881
-4.99937 -6.99912
-6.99885 -4.99889
7.00084 7.00099
-2.99923 7.00063
1.00086 7.00112
7.00047 5.00113
7.00063 1.00069
3.00116 -6.99942
-4.99875 -6.99901
-6.99875 -0.998878
-6.99904 7.00059
-2.99872 7.00105
1.00098 7.00112
7.00055 5.00073
7.00111 7.00072
3.00094 -6.99927
-4.99903 -6.9991
-6.99872 -4.99906
7.00114 7.00079
-2.99891 7.00046
1.0007 7.00082
7.00103 5.00104
7.00121 1.00075
3.00065 -6.99918
-4.99919 -6.99891
-6.99937 -0.998992
-4.99887 7.00125
-2.99899 7.00062
1.00094 7.00079
7.00091 5.00077
7.00099 7.00072
3.00114 -6.9987
-4.99893 -6.99952
-6.99898 -4.99889
7.00137 7.00169
-2.99898 7.0011
1.00089 7.00116
7.00062 5.00063
7.0006 -0.999115
-6.99938 -6.999
-4.99914 -6.99915
-6.99885 -0.998888
-4.99934 7.00082
-2.99879 7.00124
1.00076 7.00068
7.0011 5.00073
7.00127 7.00081
3.00116 -6.99913
-4.99901 -6.99901
-6.9996 -4.99906
7.00076 7.00083
-2.99921 7.00084
1.0011 7.00084
7.00051 5.00095
7.00102 1.00115
-0.999126 -6.99912
-4.99944 -6.99941
-6.99925 -0.999202
-4.99882 7.00107
-2.99928 7.00078
1.00094 7.00101
7.00091 5.00125
7.00085 7.0007
3.00103 -6.99966
-4.9987 -6.99934
-6.99935 -4.99939
7.00095 7.00095
-2.99932 7.00081
1.00103 7.00112
7.00067 5.00114
7.0013 7.00072
-2.99862 -6.99882
-4.99908 -6.99928
-6.99931 -0.99887
-4.99952 7.00066
-2.99907 7.00091
1.00085 7.00096
7.00098 5.00117
7.00066 7.00105
3.0011 -6.99897
-4.99914 -6.99898
-6.99923 -4.99859
7.0006 7.0013
-2.99926 7.00094
1.00087 7.00095
7.00119 5.00105
7.00087 5.00106
-2.99892 3.00046
-4.99904 -6.99916
-6.99931 -0.999429
-2.99911 7.00144
-2.99881 7.00113
1.00088 7.00127
7.00054 5.00097
7.00058 7.00068
3.00129 -6.99937
-4.99889 -6.99943
-6.99937 -4.9992
7.00096 7.00117
-2.99914 7.00089
1.00104 7.00114
7.00107 5.00082
7.00099 5.00132
-2.99927 -6.99879
-4.99911 -6.99923
-6.99908 -0.998608
7.00079 7.00079
-2.9987 7.00093
1.00097 7.00098
7.00098 5.00104
7.00104 7.00071
3.00051 -6.9989
-4.9991 -6.99902
-6.999 -4.99865
7.00128 7.00051
-2.9989 7.0011
1.00072 7.00069
7.00102 5.00054
7.00074 7.00084
-2.99888 -6.99927
-4.99908 -6.9993
-6.99906 -0.999022
7.00053 7.00081
-2.99875 7.00052
1.00078 7.00102
7.00082 5.00077
7.00094 7.0014
3.0009 -6.99905
-4.9987 -6.999
-6.99955 -4.99896
7.00114 7.00088
-2.99879 7.00071
1.00105 7.00074
7.00114 5.00107
7.00064 7.00094
-2.99926 -6.99839
-4.99935 -6.99933
-6.9991 -0.999289
-2.99916 7.00062
-2.99887 7.00098
1.00101 7.00121
7.00089 5.0006
7.00115 7.00111
3.00094 -6.99935
-4.99884 -6.99903
-6.99885 -4.99935
7.00081 7.00148
-2.99943 7.00097
1.00074 7.00069
7.00082 5.00072
7.00121 7.00107
-2.99955 1.00106
-4.9993 -6.99902
-6.99899 -0.998966
-2.99904 7.00082
-2.99894 7.00086
1.00123 7.00102
7.00108 5.00081
7.00104 7.00082
3.00103 -6.99896
-4.99866 -6.99902
-6.99895 -4.99949
7.001 7.00098
-2.99881 7.00085
1.00091 7.00105
7.00069 5.00113
7.00092 3.00123
-2.99894 1.00088
-4.99929 -6.99924
-6.99862 -0.998672
-4.99875 7.00096
-2.99885 7.00108
1.00137 7.00135
7.00078 5.00113
7.00085 7.00056
3.00116 -6.99916
-4.9991 -6.99919
-6.99952 -4.99901
7.00062 7.00056
-2.99916 7.00119
1.00099 7.00058
7.00087 5.00054
7.0008 3.0012
3.00072 -6.99875
-4.99908 -6.99929
-6.99915 -0.999137
-4.99885 7.001
-2.9995 7.00074
1.00093 7.00126
7.00079 5.00119
7.001 7.00052
3.00134 -6.99914
-4.99884 -6.99913
-6.99902 -4.99929
7.00072 7.00102
-2.99921 7.00092
1.00119 7.00103
7.00111 5.00073
7.00073 3.00073
-2.99862 -6.99908
-4.99883 -6.99906
-6.99866 -0.999225
-6.99913 7.00064
-2.99915 7.0011
1.00079 7.00085
7.00079 5.00104
7.00073 7.00101
3.0012 -6.9991
-4.99945 -6.99902
-6.99906 -4.9993
7.00071 7.00103
-2.99916 7.00071
1.0011 7.00079
7.00095 5.00053
7.00064 3.00092
7.00105 -6.99886
-4.99912 -6.99907
-6.99931 -0.999248
-6.99917 7.00095
-2.99895 7.001
1.00102 7.00072
7.00047 5.00125
7.00081 7.00065
3.00075 -6.99912
-4.99951 -6.99936
-6.9992 -4.99904
7.00119 7.00096
-2.99909 7.00096
1.00093 7.0007
7.00085 5.001
7.00076 3.00101
3.00063 -6.999
-4.99935 -6.99936
-6.99925 -0.998764
-6.99871 -2.99885
-2.99901 7.00076
1.00084 7.00097
7.00102 5.00089
7.00134 7.00117
3.00097 -6.99894
-4.99888 -6.99899
-6.99886 -4.99892
7.00062 7.00116
-2.99923 7.00116
1.00098 7.00058
7.00105 5.00079
7.00082 7.0011
-2.9993 3.00116
-4.99961 -6.99876
-6.99898 -0.99915
-6.99904 -2.99915
-2.99862 7.00076
1.00074 7.00092
7.00114 5.00073
7.00101 7.00044
3.00105 -6.99887
-4.99925 -6.99895
-6.99924 -4.99967
7.0006 7.00134
-2.99881 7.00105
1.00078 7.00067
7.0012 5.00147
7.00064 7.00092
-2.9992 7.00066
-4.99923 -6.99879
-6.99939 -0.999225
-6.99927 -4.99927
-2.99896 7.00116
1.001 7.00098
7.00079 5.00072
7.00135 7.00062
3.00098 -6.99907
-4.9987 -6.99912
-6.99945 -4.99917
7.00059 7.00099
-2.99898 7.00122
1.00116 7.00084
7.00108 5.0012
7.00082 7.00083
-2.99895 7.00112
-4.9991 -6.9989
-6.99945 -0.999083
-6.99926 -4.99915
-2.99916 7.00116
1.00115 7.00086
7.0011 5.00111
7.001 7.00155
3.00108 -6.9991
-4.99928 -6.99867
-6.99865 -4.99938
7.00091 7.00102
-2.99914 7.00121
1.00112 7.00076
7.00095 5.001
7.00076 1.00085
-2.99911 7.00126
-4.99905 -6.9992
-6.99908 -0.999111
-6.99908 -4.9991
-2.99923 7.00122
1.00089 7.0006
7.0011 5.0008
7.0008 7.00094
3.00064 -6.9992
-4.9988 -6.99912
-6.9992 -4.99928
7.00095 7.00089
-2.99935 7.00029
1.00056 7.00099
7.00048 5.00073
7.00072 7.00077
-2.99912 7.00119
5.00058 -6.99935
-6.99976 -0.999268
-6.99946 -6.99918
-2.9987 7.00112
1.00128 7.00095
7.00105 5.00083
7.00127 7.00116
3.00147 -6.999
-4.99931 -6.99914
-6.99922 -4.9991
7.00117 7.00084
-2.99929 7.00097
1.00084 7.00079
7.00073 5.00136
7.00095 7.00091
-2.99908 7.00086
5.00106 -6.99941
-6.99916 -0.999014
-6.99923 -6.9991
-2.99935 7.00157
1.00071 7.00099
7.00111 5.00051
7.00053 7.00071
3.00119 -6.99927
-4.9987 -6.99921
-6.99863 -4.99899
7.00068 7.00044
-2.99899 7.00085
1.0006 7.00029
7.00104 5.00127
7.00102 7.00028
-2.99931 7.00096
5.00126 -6.99936
-6.9992 -0.999313
-6.99905 -6.99904
-2.99873 7.00107
1.00109 7.00079
7.00119 5.00092
7.00124 7.00053
3.00091 -6.99958
-4.99946 -6.99893
-6.99901 -4.9986
7.00074 7.00095
-2.99928 7.00116
1.0007 7.00085
7.00082 5.00081
1.00087 -6.99946
5.00046 7.00073
5.00106 -6.99929
-6.99906 -0.999045
-6.9986 -6.99914
7.00102 7.0011
1.00112 7.00075
7.00081 5.00083
7.00135 7.001
3.00058 -6.99887
-4.9991 -6.99914
-6.9988 -4.99942
7.00071 7.00097
-2.99938 7.00108
1.00093 7.00081
7.00079 5.00097
7.00101 7.00059
3.0008 -2.99884
5.00092 -6.9987
-6.99908 -0.998983
-6.99883 -6.99942
7.00044 7.00083
1.00068 7.00047
7.00063 5.00109
7.0011 7.00056
3.00076 -6.9994
-4.99911 -6.99924
-6.99928 -4.9991
7.00084 7.0014
-2.99938 7.00138
1.0012 7.00066
7.00129 7.00123
7.00078 3.00045
3.00131 5.00101
5.00068 -6.99897
-6.99938 -0.999009
-6.9992 -6.99898
7.00128 7.00125
1.00096 7.00077
7.00096 5.00088
7.00123 7.00107
3.0009 -6.99859
-4.99911 -6.99912
-6.99909 -4.99922
7.00162 7.00068
-2.99926 7.00107
1.00085 7.00129
7.00068 7.00018
7.00109 3.00121
3.00077 5.00104
5.00109 -6.99907
-6.99867 -0.99896
-6.99899 -6.99907
7.0007 7.00103
1.00121 7.00087
7.00064 5.00078
7.00111 7.00039
3.00087 -6.99903
-4.99913 -6.99917
-6.99894 -4.99942
7.0007 7.00097
-2.99931 7.00105
1.00104 7.00122
7.00126 7.00065
7.00124 3.0009
3.00087 3.00082
-4.99905 -6.99913
-6.99931 -0.999067
-6.99872 -4.99949
-2.99893 7.00079
1.00073 7.00078
7.00119 5.00066
7.00109 7.00113
3.0006 -6.99872
-4.99927 -6.99903
-6.99915 -4.99935
7.00087 7.00097
-2.99893 7.00091
1.00117 7.00127
7.00092 -2.99932
1.00093 -6.99888
3.00112 -6.99884
-4.99872 -6.9991
-6.99881 -0.998987
-6.99927 -4.99866
-2.99963 7.00074
1.00049 7.00076
7.00097 5.00123
7.00085 7.00095
3.00035 -6.99931
-4.99895 -6.99932
-6.99873 -4.99929
7.00079 7.00086
-2.99946 7.00121
1.00079 7.00114
7.00075 -0.999305
7.0009 -6.99898
3.00083 -6.9989
-4.99944 -6.99877
-6.99914 -0.99908
-6.99917 -4.99893
-2.99924 7.0012
1.00124 7.00085
7.00133 5.00102
7.00078 7.00117
3.00119 -6.99885
-4.999 -6.99907
-6.99894 -4.999
7.00084 7.00095
-2.99933 7.00097
1.00088 7.00057
7.00077 5.00116
-6.9993 -6.99873
3.001 -6.99919
-4.99884 -6.99918
-6.99871 -0.99898
-6.99862 -4.99903
-2.999 7.00086
1.00053 7.00058
7.0008 5.001
7.00107 7.00058
3.00129 -6.99903
-4.99909 -6.9991
-6.99939 -4.99919
7.00102 7.00096
-2.9991 7.00095
1.00128 7.00086
7.00077 5.00105
1.00101 -6.99882
3.00062 -6.99913
-4.99909 -6.99929
-6.99907 -0.999134
-6.99916 -4.99885
-2.99911 7.00106
1.00065 7.00065
7.00088 5.00055
7.00098 7.00092
3.0005 -6.99871
-4.99882 -6.99845
-6.99913 -4.99921
7.00113 7.00062
-2.99929 7.00102
1.00089 7.00086
7.00096 5.00096
7.00103 -6.99934
5.00093 1.00053
7.00081 -6.99903
-6.9989 -0.998833
-6.99881 -4.99877
-2.9993 7.00063
1.00056 7.00072
7.0006 5.00098
7.00072 7.00103
3.00061 -6.99922
-4.99882 -6.99895
-6.99877 -4.99896
7.00065 7.0009
-2.9988 7.00057
1.00123 7.0012
7.00086 5.00121
7.00137 7.00076
-2.9992 1.00089
-2.99935 -6.99916
-6.99941 -0.998826
-6.9994 -4.9994
-2.99939 7.0013
1.00128 7.00073
7.00083 5.00076
7.00086 7.00059
3.00087 -6.99921
-4.99913 -6.99911
-6.99902 -4.9991
7.001 7.00088
-2.99945 7.00132
1.00085 7.0007
7.00095 5.00068
7.00081 7.00124
-2.99888 7.00107
7.00035 -6.99953
-6.99889 -0.998968
-6.99898 -4.99931
-2.99897 7.0007
1.00091 7.0011
7.00071 5.00055
7.00101 7.00068
3.0006 -6.99946
-4.99889 -6.99901
-6.9991 -4.99948
7.00091 7.00054
-2.99915 7.00083
1.00061 7.00099
7.00063 5.00078
7.00127 7.00054
-2.99889 7.00087
7.00136 -6.99938
-6.99919 -0.99953
-6.99879 -4.99936
-2.9987 7.00108
1.0008 7.00062
7.0007 5.00099
7.00069 7.0007
3.00085 -6.99925
-4.99908 -6.99955
-6.99892 -4.99943
7.00086 7.00103
-2.99924 7.00094
1.00059 7.00048
7.00107 5.00059
7.00139 7.00064
-2.99939 7.00071
1.00061 -6.9998
-6.99894 -0.999525
-6.99907 -4.99912
-2.99882 7.00117
1.00111 7.00131
7.00098 5.0008
7.00104 7.00089
3.00111 -6.99895
-4.99917 -6.99943
-6.99891 -4.99898
7.00074 7.00106
-2.99888 7.00085
1.00118 7.00075
7.00075 5.00096
7.00079 7.00108
-2.99951 7.00121
1.00093 -6.99906
-6.99921 -0.998787
-6.9994 -2.9992
-2.9992 7.00134
1.00153 7.00081
7.0007 5.00056
7.00127 7.00103
3.00039 -6.99891
-4.99874 -6.9991
-6.99906 -4.99911
7.00069 7.00052
-2.99923 7.00059
1.00077 7.00055
7.00072 5.0009
7.00101 7.00068
-2.99896 7.00071
1.00073 -6.99936
-6.99889 -0.998959
-6.9988 -2.999
-2.99942 7.00107
1.00037 7.00083
7.0009 5.00099
7.00096 7.00115
3.00115 -6.99876
-4.99882 -6.99891
-6.99924 -4.99896
7.0007 7.00111
-2.9994 7.00093
1.0005 7.00082
7.00101 5.00141
7.00094 7.00068
-2.99924 7.00082
1.00086 -6.99897
-6.99926 -0.999228
-6.99916 -2.99902
-2.99867 7.00033
1.00094 7.00098
7.00107 5.00088
7.00082 7.00066
3.00084 -6.99893
-4.99902 -6.99909
-6.99951 -4.99883
7.00097 7.00069
-2.99924 7.00124
1.00098 7.00056
7.00062 5.00097
7.00062 7.00103
-2.99905 7.00063
1.00091 -6.99919
-6.99952 -0.999061
-6.99908 -2.99883
-2.99893 7.00119
1.00079 7.00085
7.00051 5.00099
7.00094 7.00094
3.00071 -6.99927
-4.99874 -6.99852
-6.99886 -4.9992
7.0009 7.00085
-2.99899 7.00096
1.00099 7.00103
7.00105 5.00097
7.00075 7.00125
-2.99895 7.0006
1.00118 -6.99915
-6.99919 -0.999148
-6.99889 7.00092
-2.99911 7.00063
1.00071 7.00085
7.00132 5.00103
7.00098 7.00109
3.00081 -6.99917
-4.99883 -6.99916
-6.99863 -4.99897
7.00068 7.00078
-2.99936 7.00087
1.00086 7.00108
7.00097 5.00077
7.00123 7.0009
-2.99905 7.00093
1.00135 -6.99908
-6.99895 -0.999474
-4.99907 7.00072
-2.99905 7.00107
1.00124 7.00054
7.00093 5.00117
7.00086 7.00068
3.00066 -6.99861
-4.99916 -6.99908
-6.99875 -4.99893
7.00129 7.00062
-2.99905 7.00079
1.00086 7.00088
7.0015 5.00119
7.00059 7.00107
-2.99923 7.00093
1.00072 -6.99902
-6.99906 -0.999308
-4.99884 7.00087
-2.99927 7.0009
1.00091 7.00095
7.00077 5.00106
7.00142 7.00071
3.00063 -6.99882
-4.99932 -6.99909
-6.99872 -4.99893
7.00121 7.00088
-2.99915 7.00122
1.00135 7.00145
7.0009 5.00087
7.00117 7.00063
-2.99899 7.00111
1.00069 -6.99905
-6.99908 -0.998973
-2.99902 7.00111
-2.99934 7.00105
1.00105 7.00084
7.00043 5.00032
7.00046 7.00098
3.001 -6.9988
-4.99891 -6.99914
-6.9988 -4.99913
7.00089 7.00054
-2.99917 7.00077
1.00066 7.00064
7.0011 5.00101
7.00066 7.00119
-2.99873 7.00114
1.00051 -6.9991
-6.99941 -0.999296
7.0005 7.00109
-2.99886 7.00068
1.00122 7.00066
7.00012 5.00119
7.00072 7.00085
3.00054 -6.9989
-4.99926 -6.99953
-6.99923 -4.99906
7.00091 7.00059
-2.99931 7.00072
1.00089 7.00075
7.00108 5.00099
7.00091 7.00049
-2.99883 7.00119
1.00095 -6.99914
-6.99889 -2.99908
7.00084 7.00048
-2.99935 7.00071
1.00067 7.00152
7.00069 5.00094
7.00074 7.00045
3.00104 -6.99891
-4.99913 -6.99942
-6.99904 -4.99909
7.00094 7.00118
-2.99913 7.00095
1.00081 7.00088
7.00106 5.00061
7.00083 7.00091
-2.99866 7.00091
7.00082 -6.99892
-6.99949 5.00041
7.0007 7.00078
-2.99931 7.00106
1.00066 7.00099
7.00103 5.00113
7.00109 7.00061
3.00063 -6.99906
-4.99889 -6.99857
-6.9986 -4.99905
7.00103 7.00159
-2.99908 7.00123
1.0009 7.00102
7.00113 5.00049
7.00092 7.00096
-2.99931 7.00057
7.00112 -6.99871
-2.99905 5.0006
7.00077 7.00078
-2.99914 7.00079
1.00101 7.00084
7.00105 5.00094
7.00112 7.00089
3.00098 -6.99913
-4.99897 -6.99886
-6.99924 -4.99907
7.00109 7.00135
-2.99949 7.00093
1.00078 7.00126
7.00088 5.00045
7.00102 7.00109
-2.99895 7.00127
1.00112 -2.9992
7.00056 5.00054
7.00105 7.00107
-2.99914 7.00065
1.00115 7.00105
7.00067 5.00116
7.00091 7.00098
3.00092 -6.9993
-4.99904 -6.99893
-6.99915 -4.99909
7.00108 7.00129
-2.99935 7.00075
1.00048 7.0011
7.00077 5.00098
7.00103 7.00113
-2.99938 7.00133
1.0009 7.00096
7.00071 5.00061
7.00074 7.00113
-2.99884 7.00113
1.00092 7.0006
7.00051 5.0007
7.00081 7.00048
3.00086 -6.99916
-4.99929 -6.99917
-6.99897 -4.99961
7.00103 7.00085
-2.99937 7.0011
1.00136 7.00139
7.0006 5.00078
7.00095 7.00058
-2.99886 7.0009
1.00122 7.00101
7.00037 5.00107
7.00116 7.00077
-2.99889 7.00087
1.00054 7.00087
7.0008 5.00088
7.00035 7.00103
3.00117 -6.99894
-4.99926 -6.99934
-6.99921 -4.99892
7.00111 7.00098
-2.99889 7.00086
1.00145 7.00105
7.00059 5.00138
7.00112 7.00081
-2.99896 7.00095
1.00111 7.00089
7.00096 5.00099
7.00095 7.00093
-2.99938 7.00113
1.00057 7.00077
7.00065 5.00061
7.0014 7.0007
3.0013 -6.99932
-4.99931 -6.9993
-6.9991 -4.99884
7.001 7.00087
-2.99881 7.00099
1.00068 7.00096
7.00117 5.001
7.00112 7.00124
-2.9994 7.00072
1.00097 7.0006
7.00106 5.00073
7.00099 7.00113
-2.99946 7.00097
1.00098 7.00079
7.00094 5.00071
7.001 7.00151
3.00091 -6.99859
-4.99905 -6.99916
-6.99898 -4.99906
7.00078 7.0012
-2.99859 7.00059
1.00066 7.00102
7.00093 5.00106
7.00137 7.00047
-2.99954 7.00095
1.00043 7.00127
7.00078 5.00095
7.00102 7.00091
-2.99911 7.0012
1.00124 7.00072
7.00112 5.00062
7.00075 7.00124
3.00065 -6.99927
-4.99941 -6.99909
-6.99888 -4.99887
7.00116 7.00072
-2.99896 7.00102
1.00099 7.00078
7.00104 5.00103
7.00052 7.00081
-2.9993 7.00107
1.00107 7.0012
7.00074 5.00091
7.00093 7.00127
-2.99876 7.00069
1.00068 7.00075
7.00108 5.00049
7.00087 7.00119
3.00078 -6.99862
-4.99919 -6.99906
-6.99914 -4.9991
7.00064 7.00151
-2.99908 7.00077
1.00071 7.00104
7.00091 5.00074
7.00094 7.00112
-2.99902 7.001
1.00124 7.00095
7.00092 5.00117
7.00083 7.00108
-2.99949 7.00078
1.00078 7.00091
7.0012 5.00069
7.00085 7.00065
3.00119 -6.99918
-4.99895 -6.99919
-6.99941 -4.99893
7.00081 7.001
